 maze[0][0] = new Array(1,1,1,1,1,1,1,1,1,1,1,1)
    maze[0][1] = new Array(0,0,1,0,1,0,0,0,0,1,0,1)
    maze[1][0] = new Array(1,0,0,0,1,0,1,1,1,0,1,1)
    maze[1][1] = new Array(0,1,1,0,0,1,1,0,0,1,0,1)
    maze[2][0] = new Array(1,0,1,0,1,0,0,1,1,0,1,1)
    maze[2][1] = new Array(0,0,0,0,1,1,1,0,0,0,0,1)
    maze[3][0] = new Array(0,1,1,1,1,1,0,0,0,0,1,1)
    maze[3][1] = new Array(1,0,0,1,0,0,0,1,1,0,0,1)
    maze[4][0] = new Array(0,0,0,0,0,0,1,1,1,1,1,1)
    maze[4][1] = new Array(1,1,1,1,1,0,0,0,0,0,1,1)
    maze[5][0] = new Array(0,0,0,0,1,0,1,1,1,1,0,0)
    maze[5][1] = new Array(1,1,1,1,1,1,0,0,0,1,0,1)
    maze[6][0] = new Array(0,0,0,0,0,0,1,1,0,1,0,1)
    maze[6][1] = new Array(1,1,1,1,1,1,0,0,0,1,0,1)
    maze[7][0] = new Array(1,0,1,0,0,0,1,0,1,1,0,1)
    maze[7][1] = new Array(1,1,1,0,1,0,0,1,0,1,1,1)
    maze[8][0] = new Array(0,0,0,1,0,0,1,1,0,0,0,0)
    maze[8][1] = new Array(0,1,0,1,1,0,0,0,1,1,0,1)
    maze[9][0] = new Array(0,0,0,0,0,1,1,1,1,0,1,1)
    maze[9][1] = new Array(1,1,1,1,0,0,0,0,0,1,1,1)
    maze[10][0] = new Array(0,0,0,0,0,1,1,1,1,1,0,0)
    maze[10][1] = new Array(1,1,1,0,1,0,0,0,0,1,0,1)
    maze[11][0] = new Array(0,0,1,1,1,1,1,1,1,0,0,0)
    maze[11][1] = new Array(1,0,1,0,0,0,0,0,0,0,1,1)
    maze[12][0] = new Array(0,0,0,0,0,1,1,1,1,0,1,0)
    maze[12][1] = new Array(1,1,0,1,0,0,0,1,0,0,1,1)